#n= 5, connectivity= 4, repetitions= 100
#n, time to compute arborescence, time for swapping in seconds
5, 0.003117, 0.039161
5, 0.003226, 0.038871
5, 0.003085, 0.039070
5, 0.003156, 0.038079
5, 0.002568, 0.039920
5, 0.005138, 0.042418
5, 0.003050, 0.041602
5, 0.003297, 0.049241
5, 0.003106, 0.043187
5, 0.003149, 0.041322
5, 0.003060, 0.040727
5, 0.003021, 0.045392
5, 0.004624, 0.044744
5, 0.004106, 0.046276
5, 0.003115, 0.042691
5, 0.004810, 0.039567
5, 0.003081, 0.042643
5, 0.003200, 0.038585
5, 0.002057, 0.039783
5, 0.003121, 0.039676
5, 0.003012, 0.039104
5, 0.003377, 0.039475
5, 0.003075, 0.039652
5, 0.002204, 0.041518
5, 0.002103, 0.042022
5, 0.002226, 0.038495
5, 0.002054, 0.040920
5, 0.003071, 0.040875
5, 0.002081, 0.044265
5, 0.003204, 0.042944
5, 0.004162, 0.040380
5, 0.003831, 0.040938
5, 0.003087, 0.041458
5, 0.002268, 0.038916
5, 0.001999, 0.038249
5, 0.003133, 0.040172
5, 0.003327, 0.038669
5, 0.002499, 0.039158
5, 0.004758, 0.041348
5, 0.002061, 0.040265
5, 0.003143, 0.039900
5, 0.003556, 0.039481
5, 0.003097, 0.040049
5, 0.002259, 0.041756
5, 0.002998, 0.040638
5, 0.003251, 0.039948
5, 0.002068, 0.039503
5, 0.003091, 0.038279
5, 0.003905, 0.038061
5, 0.003359, 0.038177
5, 0.003034, 0.038677
5, 0.004112, 0.040159
5, 0.003088, 0.038264
5, 0.002564, 0.036936
5, 0.002602, 0.038639
5, 0.002542, 0.039986
5, 0.003036, 0.039380
5, 0.003255, 0.038819
5, 0.003145, 0.038444
5, 0.002421, 0.039727
5, 0.004130, 0.038759
5, 0.003168, 0.038519
5, 0.003158, 0.040195
5, 0.003234, 0.043109
5, 0.004643, 0.039188
5, 0.003002, 0.070444
5, 0.003502, 0.046434
5, 0.003072, 0.046110
5, 0.003306, 0.044163
5, 0.002112, 0.041485
5, 0.003165, 0.040002
5, 0.002048, 0.038959
5, 0.004460, 0.042081
5, 0.003616, 0.040207
5, 0.003017, 0.041230
5, 0.002086, 0.041158
5, 0.003315, 0.041402
5, 0.003100, 0.039923
5, 0.002086, 0.043504
5, 0.003049, 0.042107
5, 0.003113, 0.041652
5, 0.004068, 0.038990
5, 0.002079, 0.041724
5, 0.002050, 0.040483
5, 0.004149, 0.042093
5, 0.003767, 0.039225
5, 0.002052, 0.038986
5, 0.002535, 0.041110
5, 0.003090, 0.041136
5, 0.002067, 0.043423
5, 0.003181, 0.040842
5, 0.002575, 0.039872
5, 0.003132, 0.040003
5, 0.002446, 0.040537
5, 0.003386, 0.043681
5, 0.002081, 0.041481
5, 0.004879, 0.039940
5, 0.003146, 0.040265
5, 0.003580, 0.041114
5, 0.004012, 0.040185
#n= 5, connectivity= 4, repetitions= 100
#n, time to compute arborescence, time for swapping in seconds
5, 0.002738, 0.040051
5, 0.003304, 0.039266
5, 0.002026, 0.041448
5, 0.003015, 0.041984
5, 0.003573, 0.038497
5, 0.004110, 0.040259
5, 0.003545, 0.042947
5, 0.003145, 0.043373
5, 0.004109, 0.045742
5, 0.003595, 0.045279
5, 0.003138, 0.043470
5, 0.002040, 0.042079
5, 0.003106, 0.040627
5, 0.003027, 0.040043
5, 0.002168, 0.039872
5, 0.003120, 0.037908
5, 0.003285, 0.039839
5, 0.003113, 0.042281
5, 0.002069, 0.040744
5, 0.003111, 0.040946
5, 0.002067, 0.040994
5, 0.003047, 0.041161
5, 0.003120, 0.039912
5, 0.005084, 0.039839
5, 0.002726, 0.038388
5, 0.002000, 0.041465
5, 0.002058, 0.039860
5, 0.003046, 0.040640
5, 0.003156, 0.039969
5, 0.002303, 0.039578
5, 0.003069, 0.040375
5, 0.002068, 0.041547
5, 0.003065, 0.040879
5, 0.003136, 0.041445
5, 0.002008, 0.041895
5, 0.003063, 0.041073
5, 0.002172, 0.040528
5, 0.004195, 0.040766
5, 0.002185, 0.039587
5, 0.002146, 0.039732
5, 0.002586, 0.039662
5, 0.003665, 0.039840
5, 0.003069, 0.038348
5, 0.002547, 0.040056
5, 0.004004, 0.042219
5, 0.002639, 0.042543
5, 0.002100, 0.039687
5, 0.003324, 0.042541
5, 0.003065, 0.042139
5, 0.003047, 0.039749
5, 0.003566, 0.042528
5, 0.004380, 0.041511
5, 0.003119, 0.041126
5, 0.002060, 0.041666
5, 0.002041, 0.039491
5, 0.003036, 0.039282
5, 0.004736, 0.039205
5, 0.004293, 0.038287
5, 0.003347, 0.041453
5, 0.002535, 0.039227
5, 0.003100, 0.039385
5, 0.003226, 0.041200
5, 0.003088, 0.038550
5, 0.003077, 0.038425
5, 0.004071, 0.037756
5, 0.003014, 0.040960
5, 0.002540, 0.044151
5, 0.003504, 0.044183
5, 0.003820, 0.044541
5, 0.003098, 0.043220
5, 0.003012, 0.040612
5, 0.003599, 0.039150
5, 0.003076, 0.038128
5, 0.003693, 0.040368
5, 0.003217, 0.038772
5, 0.004001, 0.040194
5, 0.003387, 0.039575
5, 0.003168, 0.041810
5, 0.002120, 0.039478
5, 0.003119, 0.039518
5, 0.002587, 0.040580
5, 0.003686, 0.038801
5, 0.004116, 0.040183
5, 0.003121, 0.041835
5, 0.003496, 0.038954
5, 0.002071, 0.040462
5, 0.002038, 0.042409
5, 0.002566, 0.040095
5, 0.003067, 0.038912
5, 0.004048, 0.038549
5, 0.003501, 0.039357
5, 0.003092, 0.039590
5, 0.003618, 0.040024
5, 0.002542, 0.040911
5, 0.002112, 0.038714
5, 0.003647, 0.040959
5, 0.003145, 0.042142
5, 0.002612, 0.039350
5, 0.003164, 0.040129
5, 0.004030, 0.042317
#n= 5, connectivity= 4, repetitions= 100
#n, time to compute arborescence, time for swapping in seconds
5, 0.003402, 0.038237
5, 0.003078, 0.040860
5, 0.003100, 0.041856
5, 0.004078, 0.043551
5, 0.003100, 0.041425
5, 0.003374, 0.040377
5, 0.003046, 0.042468
5, 0.003127, 0.037920
5, 0.005455, 0.043808
5, 0.004263, 0.039077
5, 0.005243, 0.038174
5, 0.004033, 0.044262
5, 0.004201, 0.041556
5, 0.002482, 0.044329
5, 0.003000, 0.044319
5, 0.002069, 0.042850
5, 0.003034, 0.044090
5, 0.002043, 0.040434
5, 0.003236, 0.040369
5, 0.004056, 0.039644
5, 0.002488, 0.039917
5, 0.004128, 0.044674
5, 0.003155, 0.040022
5, 0.003096, 0.037662
5, 0.003294, 0.039214
5, 0.003110, 0.040048
5, 0.003114, 0.040025
5, 0.002294, 0.038797
5, 0.003653, 0.036718
5, 0.004259, 0.039662
5, 0.002511, 0.039546
5, 0.003033, 0.036421
5, 0.003162, 0.036719
5, 0.002067, 0.041889
5, 0.003170, 0.040099
5, 0.002079, 0.039867
5, 0.003083, 0.045385
5, 0.003329, 0.050066
5, 0.003177, 0.048720
5, 0.003112, 0.048320
5, 0.004219, 0.042212
5, 0.004000, 0.045456
5, 0.003119, 0.041117
5, 0.002070, 0.042741
5, 0.002084, 0.041935
5, 0.004096, 0.040489
5, 0.003023, 0.043179
5, 0.003350, 0.041051
5, 0.004273, 0.039963
5, 0.004994, 0.040710
5, 0.004201, 0.041847
5, 0.004376, 0.036371
5, 0.004048, 0.038759
5, 0.004915, 0.042319
5, 0.003093, 0.040797
5, 0.003147, 0.042535
5, 0.010012, 0.040540
5, 0.003181, 0.039628
5, 0.003000, 0.042553
5, 0.002406, 0.042799
5, 0.004000, 0.041743
5, 0.002058, 0.042560
5, 0.003004, 0.046011
5, 0.003227, 0.036039
5, 0.004599, 0.037210
5, 0.004031, 0.043296
5, 0.004210, 0.038800
5, 0.003154, 0.040622
5, 0.003114, 0.039156
5, 0.003189, 0.035633
5, 0.003163, 0.043344
5, 0.003044, 0.043385
5, 0.003560, 0.046316
5, 0.004513, 0.062017
5, 0.004056, 0.061159
5, 0.004504, 0.055766
5, 0.004738, 0.056393
5, 0.003413, 0.052666
5, 0.006202, 0.052536
5, 0.003718, 0.055966
5, 0.004765, 0.047561
5, 0.003663, 0.041848
5, 0.003000, 0.050842
5, 0.003000, 0.044091
5, 0.004998, 0.042872
5, 0.003089, 0.043668
5, 0.003105, 0.044464
5, 0.003123, 0.040455
5, 0.003124, 0.049172
5, 0.004131, 0.044978
5, 0.003550, 0.039357
5, 0.003274, 0.037930
5, 0.003104, 0.039748
5, 0.003288, 0.039314
5, 0.002070, 0.038099
5, 0.004054, 0.037358
5, 0.005028, 0.036139
5, 0.003506, 0.039707
5, 0.005202, 0.037470
5, 0.003155, 0.043895
#n= 5, connectivity= 4, repetitions= 100
#n, time to compute arborescence, time for swapping in seconds
5, 0.003344, 0.037889
5, 0.003547, 0.043566
5, 0.003716, 0.041358
5, 0.003488, 0.038434
5, 0.003312, 0.042287
5, 0.004103, 0.042629
5, 0.002490, 0.040342
5, 0.003175, 0.044550
5, 0.003075, 0.041824
5, 0.003198, 0.040959
5, 0.002490, 0.043387
5, 0.003047, 0.043627
5, 0.003999, 0.046375
5, 0.004396, 0.042590
5, 0.003024, 0.042882
5, 0.003079, 0.043179
5, 0.006295, 0.044202
5, 0.004169, 0.050708
5, 0.003001, 0.042584
5, 0.005059, 0.041388
5, 0.004036, 0.041878
5, 0.002224, 0.040569
5, 0.003003, 0.036939
5, 0.002104, 0.046184
5, 0.003058, 0.045898
5, 0.003527, 0.045117
5, 0.004401, 0.043667
5, 0.003293, 0.044029
5, 0.002264, 0.040959
5, 0.002089, 0.040689
5, 0.002062, 0.044490
5, 0.046037, 0.054467
5, 0.004207, 0.038336
5, 0.004081, 0.036579
5, 0.002026, 0.041221
5, 0.003315, 0.042265
5, 0.004312, 0.039696
5, 0.003235, 0.040643
5, 0.002183, 0.036926
5, 0.003743, 0.041935
5, 0.002066, 0.040953
5, 0.003324, 0.037780
5, 0.003608, 0.037688
5, 0.003156, 0.041933
5, 0.003089, 0.043762
5, 0.003255, 0.044051
5, 0.004618, 0.041453
5, 0.003398, 0.042629
5, 0.002049, 0.040603
5, 0.002471, 0.037068
5, 0.003245, 0.039717
5, 0.003859, 0.038584
5, 0.003082, 0.040799
5, 0.003280, 0.038580
5, 0.004110, 0.037984
5, 0.003018, 0.041090
5, 0.003156, 0.040432
5, 0.005474, 0.037545
5, 0.004228, 0.044231
5, 0.003340, 0.040442
5, 0.004507, 0.037720
5, 0.003335, 0.039561
5, 0.004092, 0.036348
5, 0.002047, 0.042682
5, 0.003010, 0.039207
5, 0.005143, 0.039793
5, 0.003211, 0.038434
5, 0.004120, 0.038863
5, 0.002060, 0.040500
5, 0.002277, 0.046712
5, 0.003058, 0.042904
5, 0.003225, 0.044093
5, 0.002119, 0.048745
5, 0.004001, 0.048133
5, 0.002010, 0.045472
5, 0.002293, 0.044818
5, 0.004420, 0.041499
5, 0.005064, 0.041077
5, 0.003238, 0.039200
5, 0.004320, 0.039631
5, 0.004016, 0.038612
5, 0.003468, 0.045739
5, 0.003086, 0.040320
5, 0.003000, 0.041605
5, 0.002363, 0.041670
5, 0.003003, 0.038568
5, 0.002372, 0.047207
5, 0.002211, 0.042689
5, 0.002382, 0.041308
5, 0.003208, 0.044347
5, 0.005102, 0.040549
5, 0.004010, 0.051627
5, 0.003439, 0.043449
5, 0.003139, 0.040642
5, 0.002023, 0.037481
5, 0.002217, 0.037539
5, 0.002186, 0.043746
5, 0.003075, 0.037408
5, 0.002085, 0.043544
5, 0.003027, 0.045140
